2 11 0 0 0 0 6 0 0 0 0 0 0 3 0 16
0 15 0 0 0 0 0 0 0 4 7 0 0 2 5 9
0 0 0 0 0 0 9 0 3 0 12 6 10 0 0 0
0 0 6 7 8 12 0 0 0 0 13 0 0 0 4 14
14 0 0 16 0 3 13 0 0 6 0 0 0 0 8 7
8 0 15 0 0 14 2 0 0 9 0 0 0 10 6 0
11 0 7 0 6 9 1 0 16 5 4 0 0 0 13 0
6 0 5 13 0 4 15 7 10 0 11 12 0 9 14 0
5 6 10 12 0 11 0 0 0 1 14 4 0 0 2 0
0 1 0 15 14 0 0 0 0 0 2 0 8 0 0 0
0 7 0 0 15 0 4 2 0 0 0 0 1 0 10 0
0 0 0 14 0 0 16 0 11 0 15 9 7 12 3 5
12 2 1 8 0 0 0 0 7 14 0 0 5 0 0 3
0 0 4 0 0 0 0 0 15 13 0 16 0 0 0 0
0 0 14 0 7 13 0 3 5 0 0 0 9 0 0 2
0 0 0 0 9 0 5 0 0 0 0 3 12 6 0 15