15 9 11 0 0 0 7 16 6 0 3 0 4 0 10 2
2 0 8 0 15 0 0 1 14 0 0 0 0 13 0 12
0 6 13 3 0 0 8 10 15 0 0 0 0 0 0 0
16 0 0 7 12 0 13 3 0 0 0 0 0 9 0 1
0 15 9 0 16 0 0 7 0 6 0 0 0 0 0 0
0 2 4 8 0 15 0 0 16 14 0 0 0 6 0 3
0 12 0 0 10 2 0 8 0 15 0 11 0 0 0 0
0 16 0 0 0 0 0 0 10 0 0 8 0 0 9 11
11 1 15 0 0 16 14 0 0 0 6 0 0 2 4 0
0 0 0 4 0 0 15 0 7 16 0 5 0 12 0 0
13 0 12 0 8 10 0 4 0 0 0 9 7 0 14 5
5 0 0 0 0 3 12 0 0 0 2 4 0 1 15 9
0 0 1 0 0 0 16 0 13 0 12 0 0 0 2 4
4 0 0 0 0 0 1 15 5 7 0 14 13 0 0 0
0 0 3 0 0 0 10 2 0 11 1 0 5 0 16 14
14 5 0 0 6 0 3 0 0 0 0 0 9 0 0 15