0 10 15 12 0 0 8 0 0 16 0 6 0 5 0 0
0 0 8 0 0 0 3 0 0 11 0 5 4 13 7 15
0 0 3 14 6 7 0 9 8 0 0 0 2 11 0 0
0 0 2 0 0 0 15 4 3 0 0 12 10 14 0 0
2 15 6 0 0 13 0 3 4 14 9 0 16 10 11 0
13 0 0 10 0 11 0 7 1 5 0 0 0 8 2 0
4 8 0 0 15 1 6 0 0 13 0 0 0 9 0 0
0 0 0 0 0 5 2 0 12 6 16 0 0 1 4 0
15 0 0 0 4 6 0 13 0 0 7 0 12 3 14 0
0 7 5 4 2 0 0 15 14 3 11 0 0 0 10 16
0 0 0 3 0 8 0 5 16 0 0 0 0 4 0 11
0 0 10 8 12 0 0 11 0 0 0 0 7 2 5 1
6 0 1 0 3 4 0 8 0 15 0 0 11 0 9 10
5 0 4 15 0 10 9 0 11 0 8 0 1 7 0 14
10 0 13 7 5 0 0 12 0 0 3 16 0 0 0 0
0 11 0 9 0 0 0 14 0 0 0 0 5 16 3 2