0 3 0 0 23 0 0 25 1 0 0 7 0 0 16 24 0 0 18 20 14 6 0 19 5
10 0 0 7 0 0 0 0 0 0 22 3 17 0 12 0 21 0 0 0 0 20 1 0 25
1 0 9 0 19 3 0 6 11 16 0 10 0 0 14 0 17 23 7 13 0 0 0 0 24
0 0 8 0 0 0 0 19 10 9 0 24 11 4 0 16 5 0 12 0 0 0 22 0 0
14 0 6 0 15 0 0 22 17 20 0 1 0 0 19 2 0 9 0 0 13 7 0 23 12
0 0 0 0 8 0 20 0 0 0 10 0 0 0 13 0 7 0 0 0 22 0 0 0 15
0 14 0 0 17 0 0 0 21 0 0 12 22 11 3 13 0 2 19 0 0 5 8 0 7
16 19 0 5 0 9 8 11 18 6 0 14 0 0 0 4 10 25 1 12 17 23 0 0 3
0 0 0 0 0 12 5 0 4 17 0 19 25 7 2 14 0 3 0 0 6 16 0 9 0
20 2 3 0 0 25 14 0 22 19 1 0 5 0 9 0 16 0 11 24 0 0 18 12 4
19 11 24 3 9 0 4 18 8 2 0 22 14 12 0 20 0 7 23 0 16 0 0 15 0
0 0 4 22 0 0 17 5 0 7 11 6 20 0 15 8 3 0 0 25 23 0 19 13 0
0 1 13 15 0 0 9 0 25 0 0 0 0 0 0 19 12 11 21 0 24 0 7 10 0
0 0 10 0 0 21 6 24 3 1 13 23 19 25 18 0 0 0 15 17 0 0 12 22 20
0 25 20 0 12 0 19 0 13 14 24 0 0 2 0 1 0 0 0 22 3 0 4 8 0
0 24 7 9 16 4 1 0 19 0 0 0 6 0 0 11 8 18 20 23 15 22 0 25 13
22 15 0 14 4 18 3 17 0 0 19 0 7 0 0 0 25 12 9 1 8 0 0 0 0
13 6 0 0 0 22 23 0 15 10 0 18 3 21 17 0 0 0 14 0 12 1 11 0 0
2 0 0 19 0 24 7 0 5 8 9 25 1 16 0 0 15 0 0 0 4 14 3 0 21
18 17 0 8 11 0 25 0 14 13 0 0 24 22 0 0 0 5 16 3 20 9 0 0 0
23 0 11 0 5 8 0 10 6 25 4 20 0 14 22 0 9 0 0 7 19 12 0 24 16
6 16 14 25 0 0 0 0 0 0 2 17 0 18 10 12 23 0 0 0 1 0 9 0 0
7 8 0 2 0 0 16 3 0 12 15 0 13 0 24 0 14 0 0 11 0 4 6 21 0
9 0 19 18 3 0 0 0 0 15 6 11 16 0 25 5 24 4 10 0 0 13 0 17 0
0 0 15 4 0 17 0 0 20 5 0 0 0 3 0 6 1 19 8 0 0 0 0 14 0