21 19 0 13 4 6 2 0 0 0 14 25 8 5 15 0 0 0 0 0 18 0 10 9 17
17 0 0 0 9 21 0 24 13 0 0 0 0 0 0 14 0 0 5 15 0 11 0 0 0
0 0 0 23 0 0 18 7 0 9 0 0 0 0 4 0 0 16 12 1 14 25 8 0 0
0 14 0 0 0 0 0 11 23 3 17 18 0 0 9 21 19 24 0 4 0 0 0 12 0
1 0 2 16 12 0 14 25 8 5 0 20 11 0 0 0 0 7 10 0 21 0 0 0 0
4 21 19 24 13 0 6 0 16 0 15 0 0 0 5 0 0 0 23 3 0 0 7 10 9
9 0 18 0 10 0 0 0 24 0 0 6 2 16 0 0 0 0 0 5 22 0 0 0 3
3 0 20 11 0 0 17 18 7 0 4 21 19 0 0 0 0 2 16 0 0 14 25 0 5
0 15 0 0 0 3 22 20 0 0 9 0 0 0 10 0 0 19 24 0 1 6 0 16 0
0 0 6 2 16 0 0 14 0 0 0 22 0 0 0 9 0 18 0 0 4 21 0 0 0
13 4 0 0 0 0 0 0 0 0 5 15 0 25 8 0 22 20 0 0 0 17 18 0 0
0 0 17 18 0 0 4 0 0 24 0 0 6 2 0 0 0 14 0 8 3 22 0 0 23
0 0 0 20 0 0 9 17 0 0 0 0 21 0 0 0 0 0 0 0 0 0 14 0 8
0 5 0 0 25 0 0 22 0 11 0 9 17 18 7 0 4 0 0 24 12 0 6 2 16
16 0 0 6 0 8 5 0 14 0 0 3 0 20 11 10 0 0 0 0 0 0 0 0 24
24 0 4 21 19 16 0 1 0 2 0 5 15 14 25 0 3 0 20 11 0 9 0 0 7
7 0 9 17 18 0 0 0 0 0 16 12 1 0 0 8 5 15 0 0 0 0 22 0 0
11 23 3 0 20 7 10 9 0 0 0 13 4 0 19 0 0 1 6 0 0 0 0 14 0
25 0 0 0 14 0 0 3 0 0 7 0 9 17 18 24 0 0 21 0 0 12 1 0 0
2 16 0 1 6 0 0 0 0 14 0 0 0 22 0 7 0 0 0 18 24 13 0 0 0
0 0 0 4 0 2 16 12 0 0 0 8 5 15 0 0 0 0 0 0 0 0 0 0 0
0 7 10 9 17 19 24 0 0 21 0 0 12 1 0 0 8 0 15 0 11 0 3 0 0
0 0 23 0 22 0 7 10 0 0 0 24 0 0 0 0 16 12 0 6 0 8 0 15 14
0 0 0 0 15 0 0 23 3 22 18 0 0 0 0 0 0 13 4 21 0 0 0 0 6
6 2 16 12 1 0 0 8 0 0 0 0 23 0 22 18 7 0 0 0 0 0 13 0 0