0 12 0 0 0 25 0 0 22 0 0 2 0 0 5 9 0 0 18 20 8 0 0 15 0
14 8 16 0 15 0 0 0 0 17 0 0 0 22 3 0 2 0 10 5 9 0 0 0 20
0 0 0 19 18 0 8 16 24 15 7 0 13 23 17 0 1 0 0 0 11 2 0 0 5
5 11 0 0 0 20 9 0 0 0 0 0 0 24 15 0 0 13 0 17 0 1 4 0 0
0 0 0 0 0 5 0 0 21 0 0 9 6 0 18 0 0 0 0 0 7 12 0 0 0
0 0 0 0 23 0 25 0 4 22 5 0 0 21 0 20 9 6 19 0 14 0 0 24 0
0 14 8 0 0 17 0 0 13 0 0 0 1 4 22 5 0 0 21 10 20 0 6 19 18
18 0 9 6 0 15 0 0 16 0 0 7 12 0 23 3 0 1 0 0 0 0 0 21 10
10 0 0 0 21 0 20 0 0 19 15 14 0 16 0 17 0 0 0 23 0 25 1 4 22
22 3 25 1 4 0 5 0 0 21 18 20 9 0 19 0 14 8 16 0 0 0 0 0 23
23 17 0 0 0 0 3 0 0 4 0 5 11 0 0 18 0 9 6 0 15 14 0 0 0
0 15 0 0 16 23 0 0 12 0 22 3 0 0 0 10 0 0 0 21 18 20 9 6 0
0 0 20 0 0 0 0 14 0 16 23 17 7 0 0 22 0 25 0 0 10 0 0 2 21
21 10 5 11 0 19 0 20 9 6 0 0 0 8 16 0 17 0 0 13 0 0 25 0 0
4 0 3 25 0 0 10 0 11 2 0 18 0 0 0 0 0 0 0 0 23 0 0 12 0
0 23 0 0 0 0 0 0 25 1 21 0 5 0 2 19 18 0 9 0 0 0 0 0 0
0 0 15 0 0 0 0 17 0 12 0 22 0 0 0 21 0 0 11 0 0 0 20 9 6
0 0 18 20 9 16 24 15 14 0 0 0 17 0 0 0 0 3 0 0 0 10 0 11 0
0 21 10 5 0 0 0 0 20 0 16 0 15 14 0 0 0 0 0 0 4 0 0 25 1
0 0 0 0 0 0 21 10 0 0 0 19 18 0 9 16 0 15 14 0 0 0 17 7 12
0 0 23 17 0 0 4 0 3 25 0 0 0 5 11 6 19 0 0 0 16 0 15 0 0
8 16 24 0 14 12 14 23 0 0 1 0 22 0 0 0 21 0 5 0 6 19 18 0 0
0 6 19 18 20 0 0 0 0 14 12 0 0 17 7 1 4 0 3 0 2 0 0 0 0
0 2 0 0 0 0 0 0 18 0 0 16 0 0 14 0 13 0 0 7 1 4 22 0 0
25 0 4 22 0 11 2 0 10 5 9 0 0 18 20 8 0 0 15 14 0 13 0 0 0